4
3
3
8
2
1
1
0
127
121
37
-43
-119
-87
42
-107
-76
-86
39
-96
104
-100
-52
-61
51
115
-105
102
117
106
-16
-110
108
-106
104
-36
-91
97
-127
-72
122
84
-127
-65
72
-41
-10
5
-87
121
-126
-22
-69
14
-54
-76
-36
5
-64
-42
-122
-100
-73
-123
-37
49
67
55
-113
71
-46
-13
62
83
-89
-94
11
-28
-34
79
104
-53
62
52
30
88
-95
-119
79
-45
76
-118
-27
-61
-109
37
-123
-71
-18
81
-34
-80
88
-26
-38
-1
-30
-16
47
-95
74
94
61
-48
66
-90
-45
87
38
-30
21
-76
25
-12
40
-69
76
-67
-10
11
77
-65
53
76
-35
43
-68
18
109
-48
-121
-80
87
76
14
-101
-75
-112
117
68
9
50
-8
-17
99
102
11
-43
-33
108
-94
-60
-76
63
-102
106
-70
116
10
33
-100
50
69
116
-95
-70
-25
-109
111
-63
89
-12
89
119
42
99
55
14
98
23
90
111
74
-94
110
3
-121
25
75
-108
-60
44
-51
24
15
40
-84
-68
-43
-97
-89
-125
-40
-90
-104
-89
75
-37
92
78
-120
35
86
123
0
-121
-35
-99
-89
-33
112
44
50
96
-105
63
85
56
-125
-20
-14
-24
-68
-90
-35
-20
91
-100
84
42
-41
-11
18
-85
-108
-120
-11
-61
-119
-12
74
-48
-19
-60
96
39
-74
1
-84
104
-92
48
28
26
29
11
-72
-65
-116
35
123
-104
-40
-45
108
86
-24
29
-19
-6
-19
-123
-69
-90
69
-119
-56
89
124
31
35
-68
88
0
-122
-71
29
-99
-107
-125
13
-64
77
-57
96
4
38
-20
-50
-28
-8
-42
-5
-26
65
-17
-125
-46
-76
-122
4
-14
-90
36
-3
-10
47
-86
27
36
41
-51
-86
-60
-127
-36
-69
116
104
-104
43
-96
2
-51
-86
105
23
-35
35
-23
47
-35
-53
-37
117
95
-25
11
-95
63
-74
-127
84
-38
-70
47
-27
51
75
-118
-23
113
15
-85
4
-106
-120
-55
63
100
50
-29
-105
-82
96
23
83
-112
32
-82
-65
-104
35
22
-66
-70
94
7
-44
11
-120
111
41
64
-66
56
-122
-17
-120
-44
-14
43
7
87
-49
85
12
-126
6
28
-125
-83
-117
96
25
-78
-2
-73
93
109
125
-77
-88
-3
-96
-76
-32
-78
-9
30
124
-4
71
107
-32
77
-85
55
44
38
71
-2
99
-27
-100
113
-45
-87
-116
70
-75
-61
-26
115
127
-17
33
85
26
-69
-101
-42
17
112
-36
-33
92
68
