15
74
-60
-43
-57
73
49
60
-65
-13
-36
-34
1
7
96
-9
78
-120
-23
123
47
-14
-46
123
59
10
-87
69
-32
116
-6
-80
43
-101
-52
-63
61
-44
-40
-112
-121
-1
17
46
-27
84
-110
-10
-10
-17
33
3
78
-27
-41
31
-82
-12
-124
-110
-80
114
76
-34
101
86
-5
74
59
110
122
-79
-11
-113
-57
-11
-71
116
63
-30
36
71
-106
75
-117
-94
-50
66
31
-104
28
-12
-58
-104
43
88
-85
-31
-76
114
-62
-27
-115
74
-100
5
41
-98
22
-18
-98
-100
-52
51
-4
-18
9
-35
-23
-37
38
-15
-69
-43
127
18
-120
110
-61
41
110
-85
21
113
-104
50
97
25
-115
23
-26
-62
-123
69
34
49
-119
6
22
74
-102
112
-89
45
38
58
-122
-114
-96
6
26
-62
-101
-16
22
-62
101
-121
86
23
2
32
-84
63
-115
-4
-60
-36
119
91
-113
76
-92
70
-24
-89
-15
-50
62
-37
-99
-111
102
-83
-92
1
-50
-15
-77
-44
4
-79
-81
68
102
-54
-15
38
37
73
61
-94
71
80
69
35
104
-119
30
-120
78
-34
12
10
-106
-25
116
104
1
-27
108
6
-85
97
115
-52
-104
47
112
102
-119
107
32
-80
-104
11
-84
45
56
38
81
49
87
-91
-94
-19
32
92
-123
-5
-9
92
7
51
-99
-58
-69
62
42
-51
49
60
-11
69
-56
-120
-28
-19
-37
-74
72
-17
97
-113
-79
56
-11
-59
-19
0
-101
-73
100
-15
-57
101
112
-32
-4
-33
-62
72
56
28
126
-90
-88
101
-83
22
-25
-38
109
43
-117
-16
-38
18
-119
97
-72
-88
-35
-4
-61
-115
116
37
-53
-89
-28
67
96
76
55
-100
-75
28
-114
12
-127
-23
-44
92
-115
33
-94
-90
35
112
109
-108
69
120
114
119
108
12
-4
-19
105
-32
-11
-62
116
-22
73
-84
29
-18
28
-60
54
124
-53
92
111
122
28
-68
101
125
-125
-47
126
-118
45
48
2
81
-120
83
72
-11
-6
-11
-4
-26
75
-116
54
105
67
-51
-74
77
55
-126
-41
0
-4
-49
-27
109
24
119
-96
52
-18
-80
-115
83
-84
-10
122
39
40
-79
59
-47
-112
-115
32
35
-115
99
79
-114
118
79
59
-112
-14
25
-119
-43
1
-49
45
-2
-39
11
84
-81
120
-12
94
57
87
-91
-103
126
50
56
48
-98
126
-37
-121
-104
-100
43
-95
115
110
113
-20
112
-67
40
-75
53
60
-99
61
-86
86
120
27
-49
-8
-47
38
-6
-81
120
-63
110
64
26
-90
79
-120
-110
-41
-26
-70
-42
62
-20
-122
51
-115
17
-102
-53
99
-62
-44
52
-41
58
-44
-17
-57
-35
102
26
42
127
-63
122
110
2
-70
62
-1
22
-61
78
