6
22
17
-7
-16
-7
-13
-6
5
2
-15
-1
-15
19
12
25
13
10
-5
14
-21
19
7
27
8
-9
-17
12
-22
9
-5
6
12
-13
8
-6
-1
-1
7
4
-30
-18
-13
-36
7
16
13
25
12
12
33
-1
8
-10
5
1
2
0
2
-9
2
-8
-10
-10
13
-3
8
-7
17
9
14
4
2
4
9
17
11
1
11
-5
-2
4
-7
-8
7
-12
-4
16
-17
-9
5
7
-23
10
-6
-12
6
-2
-5
-7
-18
4
25
5
-11
2
9
5
5
2
-3
11
-11
0
-1
13
-13
-42
0
-11
9
4
-9
-10
0
17
-6
11
11
-4
8
-12
-21
3
1
-1
13
2
3
-7
-18
-7
12
-5
-7
-15
14
-10
0
-10
-11
14
-4
-16
18
-15
1
19
5
-23
6
4
-5
-4
-8
-10
4
1
0
3
21
6
-10
14
-6
-4
-6
-14
-2
10
38
-2
-9
3
4
0
-17
-16
-11
17
3
-11
16
10
-13
-8
-11
-10
5
2
7
-4
0
-9
-8
7
-31
10
3
-16
-14
21
-21
-6
0
10
-1
1
19
-1
-2
-1
-7
-9
-11
-13
7
15
3
-4
-18
-23
-9
-8
4
10
2
-6
24
22
7
19
13
2
-9
-5
6
10
-4
-7
-14
3
-29
-30
-2
5
-13
19
10
-3
-12
-4
-8
-1
-16
9
8
-13
11
3
10
17
-9
-4
-17
-1
9
7
0
-15
-16
-9
-10
16
0
-3
8
-1
3
22
-3
9
3
-5
7
-1
19
21
-19
5
-19
-29
8
5
14
8
0
1
22
0
8
-5
-9
-18
-5
11
-2
-12
-5
1
