4
2
3
8
2
1
0
0
68
120
-7
-20
30
45
99
100
21
-116
-39
-113
126
-27
-62
-86
120
-8
119
-125
77
-4
-35
-42
50
55
99
24
-24
-28
9
118
111
115
76
32
-29
-16
54
-39
3
41
35
-24
-97
0
-101
-61
39
-12
103
41
-106
-42
23
-7
-32
28
-58
-14
-73
120
99
-30
110
-19
-95
98
65
-56
125
-103
-114
-60
-115
-89
36
-2
86
-21
-104
37
61
85
15
-68
-5
123
-33
126
17
84
36
-76
105
76
5
-1
93
-39
67
-73
39
-83
-62
53
-60
23
54
-57
86
15
8
86
-48
-123
-65
-106
-3
-127
107
40
-81
-123
-36
121
44
101
17
18
-40
-25
-74
84
-124
82
-122
107
-67
50
-25
48
-19
127
-123
126
121
120
-72
95
-40
-42
-37
-1
-127
90
-63
101
-70
-39
-68
6
60
121
65
-123
-40
98
77
-14
125
-97
-22
102
19
-2
-120
-104
-56
-28
34
2
119
-22
86
61
-125
110
121
49
38
19
112
49
-16
-115
108
94
8
91
75
-97
109
120
-39
-4
-12
36
-33
-74
-55
5
31
68
-79
52
-48
-73
120
105
-28
-10
86
74
9
17
-8
-24
-123
-4
-56
111
18
-32
-115
-23
49
57
-68
51
92
-37
-13
-108
39
-11
69
-17
75
-32
-56
60
33
-99
-63
-109
-78
92
96
-78
91
125
-72
61
123
-44
52
-127
-38
90
-22
87
-10
29
65
-104
-110
-3
-13
-91
84
-40
-47
-10
-14
116
-16
120
105
-90
50
104
72
-50
44
-120
-44
33
19
-80
-10
-63
98
-27
24
103
-68
-78
60
20
-37
-48
-82
122
-78
82
91
-60
4
-116
7
46
-94
-96
127
-68
-74
-103
-7
109
98
-123
-72
119
24
93
-74
127
-92
11
26
30
21
0
17
-100
-43
-84
-100
-18
-61
44
120
56
35
-119
78
96
-5
33
-104
6
72
113
123
97
122
-75
-41
20
54
112
-67
-40
-125
110
53
-16
114
-12
110
-35
50
-70
58
-94
1
126
-70
18
-60
-16
-47
-27
-44
-31
66
36
74
-81
23
-41
-40
-15
31
92
104
114
2
15
-34
-39
-35
74
113
-116
-68
-117
-32
30
-18
-91
-6
-61
10
-69
-109
57
-76
-123
1
22
-50
-78
-57
-37
-128
-103
-42
-54
-98
-35
116
-85
91
70
-23
-55
113
23
-75
10
-114
-2
127
-86
-25
81
87
104
117
-39
-37
57
-90
116
117
-40
109
109
122
-94
-35
27
103
123
-15
5
-127
-86
