77
-95
52
112
-116
-76
116
53
65
-58
85
-117
82
-60
-63
45
-5
48
93
43
82
-34
-85
61
-81
-32
89
-97
35
99
32
11
-70
-111
105
-30
25
112
-22
-64
8
73
31
-127
-22
20
91
-17
120
74
-116
120
-86
-15
28
65
50
18
53
-108
-60
-49
-99
-60
107
-46
32
-65
81
-43
-122
-32
-84
-28
-85
-55
-100
-34
34
80
-36
18
25
91
102
110
-4
79
-103
30
46
73
60
-28
-43
-19
120
-21
-19
121
94
-79
-75
34
60
-74
58
-55
58
91
-116
81
92
-45
-101
45
-19
62
7
108
-74
-75
97
-39
48
-50
-66
75
-14
-35
-19
35
-52
-104
-40
-75
25
56
75
-7
14
58
34
-115
20
75
-126
52
-92
74
121
122
-45
-32
-104
56
43
-26
-80
-9
54
-15
88
127
-67
103
101
-85
21
-81
108
84
24
-34
19
-114
71
118
75
-56
-101
-41
118
-79
-82
111
127
1
80
-81
20
24
49
24
-31
63
14
64
46
-52
-83
-121
115
-5
-28
-107
-64
-108
120
-110
-77
116
-61
86
-13
74
64
-76
116
119
-15
-115
-53
44
-62
3
-72
-128
-89
-104
5
95
83
-64
92
-62
-32
115
-20
123
