15
-24
28
-5
-33
48
-4
86
27
-104
45
40
-3
-7
10
-2
30
0
8
27
-11
-14
-23
17
-4
71
0
60
21
64
-7
13
2
18
-55
-21
-25
-15
-15
17
12
19
10
17
-53
-34
-49
58
111
40
-78
-68
47
7
-20
-29
-31
-24
20
19
14
13
-11
35
-65
-16
-26
3
41
-37
13
-46
50
39
3
-15
-4
28
-94
-31
22
44
-6
-19
-53
-69
61
35
-37
21
18
-59
31
21
20
-19
-26
-41
27
26
-28
12
4
16
45
5
25
-11
-1
-20
-46
-32
3
0
0
93
-81
21
-27
10
72
-120
-26
12
18
28
-17
8
21
-17
48
-2
48
30
47
-50
41
1
12
-15
36
-3
-4
31
18
-83
15
56
1
10
-10
58
-47
-13
6
-52
31
-40
71
-50
17
57
-58
66
-19
10
3
-6
4
9
-47
16
-13
37
-46
-25
34
32
-52
30
