3
2
3
8
2
1
0
0
-89
25
99
-102
-27
88
66
14
68
56
-4
-30
-123
-114
-79
-73
17
-21
-36
36
109
4
113
-83
-8
-118
-107
67
-26
-60
-51
-76
75
69
-120
80
-79
-24
-97
41
-40
46
-43
-53
-13
-56
55
-94
29
-52
6
-106
-70
87
44
1
89
78
99
6
51
69
-82
89
41
118
73
-98
36
32
-15
-125
-82
110
46
-72
29
10
-6
66
-35
-5
-122
-84
-122
-22
24
-83
-121
89
9
123
-117
72
-28
-114
92
-35
36
67
-110
-49
-63
78
115
82
3
81
-32
-73
85
-78
127
-96
-3
-3
119
100
-44
-38
48
2
-70
5
-41
-52
70
58
-74
-58
106
44
-7
-37
95
-7
-108
87
-23
-26
24
-103
-94
32
-100
12
-18
-109
82
-95
77
17
-12
47
-1
43
11
-79
-49
-125
-122
49
-8
32
103
2
89
92
-24
-92
-17
-91
-12
89
35
-54
121
-72
126
-95
-43
-41
64
88
92
39
91
39
-120
-83
126
-9
-4
106
-72
-80
35
-9
23
-109
67
-46
-67
29
-34
-67
57
48
-15
18
-120
88
-84
45
121
121
127
-63
-65
-1
-2
-75
21
87
-54
32
115
-80
-118
45
33
102
-43
39
36
-49
-65
45
119
-86
25
8
-90
112
-97
-118
72
-23
123
61
-46
-80
66
-4
-63
-110
-84
-79
-42
-81
-62
33
-69
43
126
-118
77
47
-122
-7
