127
121
37
-43
-119
-87
42
-107
-76
-86
39
-96
104
-100
-52
-61
51
115
-105
102
117
106
-16
-110
108
-106
104
-36
-91
97
-127
-72
122
84
-127
-65
72
-41
-10
5
-87
121
-126
-22
-69
14
-54
-76
15
74
-60
-43
-57
73
49
60
-65
-13
-36
-34
1
7
96
-9
78
-120
-23
123
47
-14
-46
123
59
10
-87
69
-32
116
-6
-80
43
-101
-52
-63
61
-44
-40
-112
-121
-1
17
46
-27
84
-110
-10
-10
-17
33
3
78
-27
-36
5
-64
-42
-122
-100
-73
-123
-37
49
67
55
-113
71
-46
-13
62
83
-89
-94
11
-28
-34
79
104
-53
62
52
30
88
-95
-119
79
-45
76
-118
-27
-61
-109
37
-123
-71
-18
81
-34
-80
88
-26
-41
31
-82
-12
-124
-110
-80
114
76
-34
101
86
-5
74
59
110
122
-79
-11
-113
-57
-11
-71
116
63
-30
36
71
-106
75
-117
-94
-50
66
31
-104
28
-12
-58
-104
43
88
-85
-31
-76
114
-62
-27
-115
74
-100
5
41
-98
-38
-1
-30
-16
47
-95
74
94
61
-48
66
-90
-45
87
38
-30
21
-76
25
-12
40
-69
76
-67
-10
11
77
-65
53
76
-35
43
-68
18
109
-48
